33000000
33000001
33000002
33000003
33000004
33000005
33000006
33000007
33000008
33000009
33000010
33000011
33000012
33000013
33000014
33000015
33000016
33000017
33000018
33000019
33000020
33000021
33000022
33000023
33000024
33000025
33000026
33000027
33000028
33000029
33000030
33000031
33000032
33000033
33000034
33000035
33000036
33000037
33000038
33000039
33000040
33000041
33000042
33000043
33000044
33000045
33000046
33000047
33000048
33000049
33000050
33000051
33000052
33000053
33000054
33000055
33000056
33000057
33000058
33000059
33000060
33000061
33000062
33000063
33000064
33000065
33000066
33000067
33000068
33000069
33000070
33000071
33000072
33000073
33000074
33000075
33000076
33000077
33000078
33000079
33000080
33000081
33000082
33000083
33000084
33000085
33000086
33000087
33000088
33000089
33000090
33000091
33000092
33000093
33000094
33000095
33000096
33000097
33000098
33000099