33000100
33000101
33000102
33000103
33000104
33000105
33000106
33000107
33000108
33000109
33000110
33000111
33000112
33000113
33000114
33000115
33000116
33000117
33000118
33000119
33000120
33000121
33000122
33000123
33000124
33000125
33000126
33000127
33000128
33000129
33000130
33000131
33000132
33000133
33000134
33000135
33000136
33000137
33000138
33000139
33000140
33000141
33000142
33000143
33000144
33000145
33000146
33000147
33000148
33000149
33000150
33000151
33000152
33000153
33000154
33000155
33000156
33000157
33000158
33000159
33000160
33000161
33000162
33000163
33000164
33000165
33000166
33000167
33000168
33000169
33000170
33000171
33000172
33000173
33000174
33000175
33000176
33000177
33000178
33000179
33000180
33000181
33000182
33000183
33000184
33000185
33000186
33000187
33000188
33000189
33000190
33000191
33000192
33000193
33000194
33000195
33000196
33000197
33000198
33000199
33000200
33000201
33000202
33000203
33000204
33000205
33000206
33000207
33000208
33000209
33000210
33000211
33000212
33000213
33000214
33000215
33000216
33000217
33000218
33000219
33000220
33000221
33000222
33000223
33000224
33000225
33000226
33000227
33000228
33000229
33000230
33000231
33000232
33000233
33000234
33000235
33000236
33000237
33000238
33000239
33000240
33000241
33000242
33000243
33000244
33000245
33000246
33000247
33000248
33000249
33000250
33000251
33000252
33000253
33000254
33000255
33000256
33000257
33000258
33000259
33000260
33000261
33000262
33000263
33000264
33000265
33000266
33000267
33000268
33000269
33000270
33000271
33000272
33000273
33000274
33000275
33000276
33000277
33000278
33000279
33000280
33000281
33000282
33000283
33000284
33000285
33000286
33000287
33000288
33000289
33000290
33000291
33000292
33000293
33000294
33000295
33000296
33000297
33000298
33000299