33000300
33000301
33000302
33000303
33000304
33000305
33000306
33000307
33000308
33000309
33000310
33000311
33000312
33000313
33000314
33000315
33000316
33000317
33000318
33000319
33000320
33000321
33000322
33000323
33000324
33000325
33000326
33000327
33000328
33000329
33000330
33000331
33000332
33000333
33000334
33000335
33000336
33000337
33000338
33000339
33000340
33000341
33000342
33000343
33000344
33000345
33000346
33000347
33000348
33000349
33000350
33000351
33000352
33000353
33000354
33000355
33000356
33000357
33000358
33000359
33000360
33000361
33000362
33000363
33000364
33000365
33000366
33000367
33000368
33000369
33000370
33000371
33000372
33000373
33000374
33000375
33000376
33000377
33000378
33000379
33000380
33000381
33000382
33000383
33000384
33000385
33000386
33000387
33000388
33000389
33000390
33000391
33000392
33000393
33000394
33000395
33000396
33000397
33000398
33000399
33000400
33000401
33000402
33000403
33000404
33000405
33000406
33000407
33000408
33000409
33000410
33000411
33000412
33000413
33000414
33000415
33000416
33000417
33000418
33000419
33000420
33000421
33000422
33000423
33000424
33000425
33000426
33000427
33000428
33000429
33000430
33000431
33000432
33000433
33000434
33000435
33000436
33000437
33000438
33000439
33000440
33000441
33000442
33000443
33000444
33000445
33000446
33000447
33000448
33000449
33000450
33000451
33000452
33000453
33000454
33000455
33000456
33000457
33000458
33000459
33000460
33000461
33000462
33000463
33000464
33000465
33000466
33000467
33000468
33000469
33000470
33000471
33000472
33000473
33000474
33000475
33000476
33000477
33000478
33000479
33000480
33000481
33000482
33000483
33000484
33000485
33000486
33000487
33000488
33000489
33000490
33000491
33000492
33000493
33000494
33000495
33000496
33000497
33000498
33000499
33000500
33000501
33000502
33000503
33000504
33000505
33000506
33000507
33000508
33000509
33000510
33000511
33000512
33000513
33000514
33000515
33000516
33000517
33000518
33000519
33000520
33000521
33000522
33000523
33000524
33000525
33000526
33000527
33000528
33000529
33000530
33000531
33000532
33000533
33000534
33000535
33000536
33000537
33000538
33000539
33000540
33000541
33000542
33000543
33000544
33000545
33000546
33000547
33000548
33000549
33000550
33000551
33000552
33000553
33000554
33000555
33000556
33000557
33000558
33000559
33000560
33000561
33000562
33000563
33000564
33000565
33000566
33000567
33000568
33000569
33000570
33000571
33000572
33000573
33000574
33000575
33000576
33000577
33000578
33000579
33000580
33000581
33000582
33000583
33000584
33000585
33000586
33000587
33000588
33000589
33000590
33000591
33000592
33000593
33000594
33000595
33000596
33000597
33000598
33000599